10
H_marmor   0.0000000 0.7304699 0.9404155 1.3173223 1.2318281 1.1074687 1.0130929 1.2687654 1.0687750 1.1560045 
H_subpun   0.7304699 0.0000000 0.7018107 1.1802398 0.9944315 1.0943134 0.9697137 1.2995473 1.0758033 1.1570997 
M_baroni   0.9404155 0.7018107 0.0000000 1.0906129 1.0239413 0.9769376 0.7511542 0.8939558 0.7862137 0.9898369 
H_suspec   1.3173223 1.1802398 1.0906129 0.0000000 0.6732300 0.7578504 0.9539720 1.0945877 0.9499381 1.2021010 
L_agilis   1.2318281 0.9944315 1.0239413 0.6732300 0.0000000 0.3546402 0.8087915 1.1481403 0.8952534 1.0002263 
Z_vivipa   1.1074687 1.0943134 0.9769376 0.7578504 0.3546402 0.0000000 0.9231452 1.0911216 0.8665553 1.0229169 
A_talpoi   1.0130929 0.9697137 0.7511542 0.9539720 0.8087915 0.9231452 0.0000000 0.7116460 0.5328346 0.9303741 
A_davidi   1.2687654 1.2995473 0.8939558 1.0945877 1.1481403 1.0911216 0.7116460 0.0000000 0.8041930 1.0683411 
E_cirrig   1.0687750 1.0758033 0.7862137 0.9499381 0.8952534 0.8665553 0.5328346 0.8041930 0.0000000 0.9096149 
M_vittat   1.1560045 1.1570997 0.9898369 1.2021010 1.0002263 1.0229169 0.9303741 1.0683411 0.9096149 0.0000000 
