10
H_marmor   0.0000000 0.5361659 0.4678438 0.9249696 0.9596725 0.9105974 0.8437351 0.7926462 0.8844567 0.8716258 
H_subpun   0.5361659 0.0000000 0.4170564 0.8207174 0.8803764 0.8230325 0.7492075 0.6880803 0.7676738 0.8201840 
M_baroni   0.4678438 0.4170564 0.0000000 0.8466975 0.7964843 0.7977766 0.6923679 0.6946963 0.7977752 0.7117866 
H_suspec   0.9249696 0.8207174 0.8466975 0.0000000 0.4784230 0.4960816 0.6827710 0.7360944 0.7668802 0.9111263 
L_agilis   0.9596725 0.8803764 0.7964843 0.4784230 0.0000000 0.2335828 0.7997456 0.8252814 0.8389924 0.9829343 
Z_vivipa   0.9105974 0.8230325 0.7977766 0.4960816 0.2335828 0.0000000 0.7740906 0.7935553 0.8367873 0.9124404 
A_talpoi   0.8437351 0.7492075 0.6923679 0.6827710 0.7997456 0.7740906 0.0000000 0.3509474 0.5437067 0.6941954 
A_davidi   0.7926462 0.6880803 0.6946963 0.7360944 0.8252814 0.7935553 0.3509474 0.0000000 0.4901736 0.6217340 
E_cirrig   0.8844567 0.7676738 0.7977752 0.7668802 0.8389924 0.8367873 0.5437067 0.4901736 0.0000000 0.7185233 
M_vittat   0.8716258 0.8201840 0.7117866 0.9111263 0.9829343 0.9124404 0.6941954 0.6217340 0.7185233 0.0000000 
